а: 26 
административных: 17 19 
активности: 7 9 12 25 26 
активом: 17 23 
анализа: 4 
богатый: 25 4 
в: 3 4 6 7 11 12 16 17 18 22 25 
важную: 16 17 3 12 
важные: 9 2 18 
влечет: 21 
внедрения: 21 
выполнять: 9 2 18 
высшего: 26 
дальнейших: 3 11 16 25 26 
деятельности: 11 
другой: 25 
же: 18 6 
за: 21 
забывать: 25 23 
заданий: 1 2 18 
задания: 9 2 18 
задач: 25 18 4 7 
задача: 18 6 
занимаемых: 25 18 4 7 
значение: 1 6 23 
значимость: 17 21 
значительной: 25 22 
и: 3 4 6 7 9 12 14 17 19 21 25 26 
играет: 16 17 3 12 
идейные: 26 
интересный: 9 26 19 
кадров: 9 2 
количественный: 7 9 12 25 26 
консультация: 17 23 
кругу: 25 11 
массового: 14 
модели: 1 12 21 25 
модель: 11 
модернизации: 21 
намеченных: 1 2 18 
направлений: 3 11 16 23 25 26 
нас: 4 
настолько: 17 21 
насущным: 9 2 
начало: 26 4 14 
нашей: 7 9 12 25 26 
не: 25 23 
новая: 11 
новых: 26 
обеспечивает: 25 11 
образом: 1 7 9 12 14 19 22 
обуславливает: 25 22 
обучения: 9 2 
однако: 25 23 
опыт: 25 4 
организации: 16 18 6 22 
организационной: 11 
особенности: 18 6 
от: 4 
отношении: 25 18 4 7 
оценить: 1 6 23 
очевидна: 17 21 
плановых: 1 2 18 
по: 2 4 9 14 18 26 
повседневная: 9 2 
повседневной: 26 4 14 
подготовки: 25 14 7 
позволяет: 1 2 6 9 18 23 
позиции: 26 4 14 
позиций: 25 18 4 7 
показывает: 9 2 
порядка: 26 
поставленных: 25 18 4 7 
постоянный: 7 9 12 25 26 
потребностям: 9 2 
практика: 9 2 
предложений: 26 
представляет: 9 26 19 
проблем: 17 21 
проверки: 9 26 19 
прогрессивного: 23 
процесс: 21 
работы: 26 4 14 
равным: 9 19 14 22 
развитие: 3 6 19 21 25 
развития: 1 3 6 9 11 12 16 21 22 23 25 26 
разнообразный: 25 4 
разработке: 9 2 18 
реализации: 25 14 7 
реализация: 1 2 18 
роль: 16 17 3 12 
рост: 7 9 12 25 26 
с: 17 25 23 
систем: 14 
системы: 9 2 
следует: 25 23 
сложившаяся: 16 22 
собой: 9 26 19 21 
создание: 25 22 
соображения: 26 
соответствует: 9 2 
специалистов: 25 11 
способствует: 25 14 7 
степени: 25 22 
стороны: 25 
структура: 16 22 
структуры: 3 6 19 21 25 
существенных: 17 19 
сфера: 7 9 12 25 26 
также: 26 
таким: 1 12 7 
товарищи: 3 10 15 26 27 28 29 31 
требуют: 4 
укрепление: 3 6 19 21 25 
условий: 17 19 
участие: 25 11 
участия: 14 
участниками: 25 18 4 7 
финансовых: 17 19 
форм: 9 6 22 
формировании: 3 11 12 16 17 25 
формированию: 26 4 14 
что: 2 9 17 21 23 25 
широким: 17 23 
широкому: 25 11 
эксперимент: 9 26 19 
этих: 17 21 
